NACA 8204                                       
 Alfa = -10.00000 Re =     4000.000 Xflap,Yflap =     0.000000    0.000000
#    x        y        Cp  
   1.00000  0.00042 -0.03579
   0.99799  0.00092 -0.02300
   0.99360  0.00199 -0.03453
   0.98851  0.00324 -0.02578
   0.98332  0.00449 -0.02758
   0.97812  0.00575 -0.02941
   0.97291  0.00699 -0.03126
   0.96770  0.00823 -0.03318
   0.96249  0.00946 -0.04726
   0.95728  0.01068 -0.06792
   0.95207  0.01190 -0.08956
   0.94685  0.01310 -0.04257
   0.94164  0.01430 -0.04458
   0.93642  0.01549 -0.04943
   0.93120  0.01668 -0.04827
   0.92598  0.01785 -0.05034
   0.92075  0.01902 -0.05243
   0.91553  0.02018 -0.05456
   0.91030  0.02133 -0.05672
   0.90507  0.02247 -0.05891
   0.89984  0.02361 -0.08310
   0.89461  0.02474 -0.06827
   0.88937  0.02586 -0.06213
   0.88414  0.02697 -0.06441
   0.87890  0.02808 -0.09494
   0.87366  0.02918 -0.09125
   0.86842  0.03026 -0.06714
   0.86318  0.03135 -0.11628
   0.85793  0.03242 -0.07591
   0.85269  0.03349 -0.06422
   0.84744  0.03454 -0.07122
   0.84219  0.03560 -0.07878
   0.83694  0.03664 -0.12175
   0.83169  0.03767 -0.07541
   0.82643  0.03870 -0.09875
   0.82118  0.03972 -0.07914
   0.81592  0.04073 -0.10654
   0.81067  0.04173 -0.10577
   0.80541  0.04273 -0.08321
   0.80014  0.04372 -0.17235
   0.79488  0.04470 -0.08135
   0.78962  0.04567 -0.09203
   0.78435  0.04663 -0.10182
   0.77909  0.04759 -0.14483
   0.77382  0.04854 -0.09348
   0.76855  0.04948 -0.13277
   0.76328  0.05041 -0.10498
   0.75801  0.05133 -0.09469
   0.75273  0.05225 -0.14496
   0.74746  0.05316 -0.11182
   0.74218  0.05406 -0.12086
   0.73690  0.05495 -0.14014
   0.73162  0.05584 -0.10528
   0.72634  0.05671 -0.09311
   0.72106  0.05758 -0.13182
   0.71578  0.05844 -0.13047
   0.71050  0.05929 -0.12787
   0.70521  0.06014 -0.09524
   0.69992  0.06097 -0.14974
   0.69464  0.06180 -0.10212
   0.68935  0.06262 -0.11746
   0.68406  0.06344 -0.12363
   0.67877  0.06424 -0.09799
   0.67347  0.06503 -0.17309
   0.66818  0.06582 -0.10979
   0.66288  0.06660 -0.11915
   0.65759  0.06737 -0.10109
   0.65229  0.06814 -0.17354
   0.64699  0.06889 -0.09767
   0.64169  0.06964 -0.17683
   0.63639  0.07037 -0.09378
   0.63109  0.07110 -0.12838
   0.62579  0.07182 -0.15230
   0.62048  0.07254 -0.10145
   0.61518  0.07324 -0.14741
   0.60987  0.07394 -0.10798
   0.60457  0.07463 -0.13858
   0.59926  0.07531 -0.10294
   0.59395  0.07598 -0.15186
   0.58864  0.07664 -0.09920
   0.58333  0.07729 -0.15322
   0.57802  0.07794 -0.11505
   0.57270  0.07857 -0.11383
   0.56739  0.07920 -0.12287
   0.56207  0.07982 -0.12074
   0.55676  0.08043 -0.13408
   0.55144  0.08103 -0.11367
   0.54613  0.08163 -0.11185
   0.54081  0.08221 -0.12739
   0.53549  0.08279 -0.12583
   0.53017  0.08335 -0.10406
   0.52485  0.08391 -0.11300
   0.51952  0.08446 -0.10574
   0.51420  0.08500 -0.12485
   0.50888  0.08553 -0.13185
   0.50355  0.08605 -0.07904
   0.49823  0.08657 -0.14855
   0.49290  0.08707 -0.07594
   0.48758  0.08756 -0.12439
   0.48225  0.08805 -0.10959
   0.47692  0.08853 -0.10352
   0.47159  0.08899 -0.08587
   0.46626  0.08945 -0.10416
   0.46093  0.08990 -0.11767
   0.45560  0.09034 -0.09031
   0.45027  0.09077 -0.10163
   0.44494  0.09119 -0.10301
   0.43961  0.09160 -0.08734
   0.43428  0.09200 -0.08784
   0.42894  0.09239 -0.11771
   0.42361  0.09277 -0.06652
   0.41827  0.09314 -0.10497
   0.41294  0.09351 -0.05626
   0.40760  0.09386 -0.10872
   0.40227  0.09420 -0.08301
   0.39693  0.09453 -0.07232
   0.39159  0.09486 -0.08865
   0.38626  0.09517 -0.07232
   0.38092  0.09547 -0.07314
   0.37558  0.09576 -0.05299
   0.37024  0.09604 -0.08057
   0.36490  0.09631 -0.07718
   0.35956  0.09658 -0.04572
   0.35422  0.09683 -0.07140
   0.34888  0.09707 -0.06209
   0.34354  0.09729 -0.04763
   0.33820  0.09751 -0.05930
   0.33286  0.09772 -0.05665
   0.32752  0.09792 -0.04789
   0.32218  0.09810 -0.03913
   0.31684  0.09828 -0.05618
   0.31150  0.09844 -0.02587
   0.30616  0.09859 -0.03766
   0.30082  0.09874 -0.04681
   0.29548  0.09886 -0.02295
   0.29013  0.09898 -0.03381
   0.28479  0.09909 -0.02937
   0.27945  0.09918 -0.00336
   0.27411  0.09927 -0.04961
   0.26877  0.09934 -0.01020
   0.26343  0.09940 -0.01203
   0.25809  0.09944 -0.02198
   0.25275  0.09948 -0.00446
   0.24741  0.09950 -0.00949
   0.24207  0.09951 -0.01598
   0.23673  0.09951 -0.00744
   0.23139  0.09949  0.00162
   0.22606  0.09946 -0.02206
   0.22072  0.09942 -0.00502
   0.21538  0.09936 -0.01455
   0.21005  0.09929 -0.01549
   0.20471  0.09921 -0.03043
   0.19944  0.09911 -0.06018
   0.19437  0.09895 -0.09116
   0.18935  0.09868 -0.07715
   0.18432  0.09830 -0.09541
   0.17930  0.09781 -0.07511
   0.17429  0.09722 -0.05464
   0.16929  0.09652 -0.04317
   0.16430  0.09572 -0.01498
   0.15934  0.09481  0.01017
   0.15438  0.09380  0.03729
   0.14945  0.09269  0.07379
   0.14454  0.09147  0.10590
   0.13965  0.09016  0.14889
   0.13478  0.08875  0.18028
   0.12994  0.08724  0.23208
   0.12512  0.08564  0.26467
   0.12033  0.08395  0.31190
   0.11557  0.08216  0.35508
   0.11084  0.08029  0.40084
   0.10614  0.07832  0.44410
   0.10147  0.07628  0.49329
   0.09684  0.07414  0.53143
   0.09223  0.07193  0.58336
   0.08767  0.06963  0.62660
   0.08314  0.06726  0.67007
   0.07864  0.06481  0.71317
   0.07419  0.06228  0.75500
   0.06977  0.05968  0.79545
   0.06539  0.05701  0.83394
   0.06105  0.05427  0.87021
   0.05676  0.05146  0.90437
   0.05250  0.04859  0.93404
   0.04829  0.04565  0.96066
   0.04413  0.04264  0.98110
   0.04002  0.03957  0.99518
   0.03595  0.03644  0.99998
   0.03194  0.03325  0.99252
   0.02799  0.03000  0.96762
   0.02410  0.02669  0.91734
   0.02029  0.02332  0.82857
   0.01656  0.01991  0.67744
   0.01295  0.01645  0.41758
   0.00951  0.01297 -0.04716
   0.00634  0.00956 -0.93822
   0.00376  0.00653 -2.70047
   0.00207  0.00429 -5.84933
   0.00109  0.00280-10.77048
   0.00051  0.00174-18.47343
   0.00018  0.00093-31.35129
   0.00002  0.00026-54.50132
   0.00003 -0.00031*********
   0.00032 -0.00080*********
   0.00089 -0.00104*********
   0.00164 -0.00106*********
   0.00259 -0.00090*********
   0.00390 -0.00052*********
   0.00584  0.00022*********
   0.00886  0.00157*********
   0.01289  0.00357*********
   0.01737  0.00592*********
   0.02201  0.00842*********
   0.02671  0.01096*********
   0.03140  0.01348*********
   0.03607  0.01597*********
   0.04073  0.01842*********
   0.04540  0.02083*********
   0.05007  0.02319*********
   0.05475  0.02549*********
   0.05945  0.02775*********
   0.06416  0.02995*********
   0.06889  0.03209*********
   0.07364  0.03417*********
   0.07841  0.03618*********
   0.08319  0.03814*********
   0.08800  0.04002*********
   0.09282  0.04184*********
   0.09767  0.04358*********
   0.10253  0.04525*********
   0.10742  0.04685*********
   0.11232  0.04836*********
   0.11724  0.04980*********
   0.12218  0.05116*********
   0.12713  0.05244*********
   0.13211  0.05363*********
   0.13709  0.05474*********
   0.14210  0.05576*********
   0.14711  0.05669*********
   0.15214  0.05753*********
   0.15718  0.05828*********
   0.16222  0.05894*********
   0.16728  0.05951*********
   0.17234  0.05998*********
   0.17742  0.06036*********
   0.18249  0.06064*********
   0.18757  0.06082*********
   0.19265  0.06092*********
   0.19772  0.06091*********
   0.20296  0.06082*********
   0.20832  0.06071*********
   0.21369  0.06061*********
   0.21906  0.06051*********
   0.22443  0.06040*********
   0.22981  0.06029*********
   0.23518  0.06019*********
   0.24055  0.06008*********
   0.24592  0.05997*********
   0.25129  0.05986*********
   0.25666  0.05974*********
   0.26203  0.05963*********
   0.26740  0.05951*********
   0.27277  0.05939*********
   0.27813  0.05927*********
   0.28350  0.05914*********
   0.28887  0.05902*********
   0.29424  0.05889*********
   0.29960  0.05875*********
   0.30497  0.05862*********
   0.31033  0.05848*********
   0.31570  0.05834*********
   0.32106  0.05820*********
   0.32643  0.05805*********
   0.33179  0.05790*********
   0.33716  0.05774*********
   0.34252  0.05758*********
   0.34788  0.05742*********
   0.35325  0.05726*********
   0.35861  0.05709*********
   0.36397  0.05692*********
   0.36933  0.05674*********
   0.37470  0.05656*********
   0.38006  0.05638*********
   0.38542  0.05619*********
   0.39078  0.05600*********
   0.39614  0.05580*********
   0.40150  0.05560*********
   0.40686  0.05540*********
   0.41222  0.05519*********
   0.41758  0.05497*********
   0.42294  0.05475*********
   0.42829  0.05453*********
   0.43365  0.05431*********
   0.43901  0.05407*********
   0.44437  0.05384*********
   0.44973  0.05360*********
   0.45508  0.05335*********
   0.46044  0.05310*********
   0.46579  0.05285*********
   0.47115  0.05259*********
   0.47651  0.05232*********
   0.48186  0.05205*********
   0.48722  0.05178*********
   0.49257  0.05150*********
   0.49792  0.05121*********
   0.50328  0.05093*********
   0.50863  0.05063*********
   0.51398  0.05033*********
   0.51934  0.05003*********
   0.52469  0.04972*********
   0.53004  0.04940*********
   0.53539  0.04908*********
   0.54074  0.04876*********
   0.54609  0.04842*********
   0.55144  0.04809*********
   0.55679  0.04775*********
   0.56214  0.04740*********
   0.56749  0.04705*********
   0.57284  0.04669*********
   0.57819  0.04633*********
   0.58353  0.04596*********
   0.58888  0.04558*********
   0.59423  0.04520*********
   0.59957  0.04482*********
   0.60492  0.04443*********
   0.61027  0.04403*********
   0.61561  0.04363*********
   0.62095  0.04322*********
   0.62630  0.04281*********
   0.63164  0.04239*********
   0.63698  0.04197*********
   0.64233  0.04154*********
   0.64767  0.04110*********
   0.65301  0.04066*********
   0.65835  0.04022*********
   0.66369  0.03976*********
   0.66903  0.03931*********
   0.67437  0.03884*********
   0.67971  0.03837*********
   0.68505  0.03790*********
   0.69039  0.03742*********
   0.69572  0.03693*********
   0.70106  0.03644*********
   0.70640  0.03594*********
   0.71173  0.03544*********
   0.71707  0.03493*********
   0.72240  0.03441*********
   0.72774  0.03389*********
   0.73307  0.03336*********
   0.73840  0.03283*********
   0.74373  0.03229*********
   0.74907  0.03175*********
   0.75440  0.03120*********
   0.75973  0.03064*********
   0.76506  0.03008*********
   0.77039  0.02951*********
   0.77571  0.02894*********
   0.78104  0.02836*********
   0.78637  0.02778*********
   0.79170  0.02719*********
   0.79702  0.02659*********
   0.80235  0.02599*********
   0.80767  0.02538*********
   0.81300  0.02477*********
   0.81832  0.02415*********
   0.82364  0.02353*********
   0.82896  0.02289*********
   0.83429  0.02226*********
   0.83961  0.02162*********
   0.84493  0.02097*********
   0.85025  0.02032*********
   0.85557  0.01966*********
   0.86088  0.01899*********
   0.86620  0.01832*********
   0.87152  0.01764*********
   0.87683  0.01696*********
   0.88215  0.01628*********
   0.88746  0.01558*********
   0.89278  0.01488*********
   0.89809  0.01418*********
   0.90340  0.01347*********
   0.90872  0.01275*********
   0.91403  0.01203*********
   0.91934  0.01131*********
   0.92465  0.01057*********
   0.92996  0.00984*********
   0.93526  0.00909*********
   0.94057  0.00834*********
   0.94588  0.00759*********
   0.95118  0.00683*********
   0.95649  0.00606*********
   0.96179  0.00529*********
   0.96710  0.00452*********
   0.97240  0.00374*********
   0.97770  0.00295*********
   0.98300  0.00216*********
   0.98829  0.00136*********
   0.99348  0.00058*********
   0.99795 -0.00011*********
   1.00000 -0.00042*********
