NACA 2412                                       
 Alfa =   2.00000 Re =    40000.000 Xflap,Yflap =     0.000000    0.000000
#    x        y        Cp  
   1.00000  0.00126 -0.09851
   0.99763  0.00175 -0.10221
   0.99385  0.00253 -0.10821
   0.98978  0.00336 -0.11484
   0.98542  0.00425 -0.12218
   0.98078  0.00519 -0.13029
   0.97586  0.00618 -0.13924
   0.97067  0.00721 -0.14910
   0.96525  0.00828 -0.15995
   0.95962  0.00939 -0.17191
   0.95381  0.01052 -0.18501
   0.94785  0.01168 -0.19950
   0.94176  0.01284 -0.21576
   0.93559  0.01402 -0.23374
   0.92933  0.01520 -0.23394
   0.92302  0.01637 -0.23412
   0.91666  0.01755 -0.23430
   0.91027  0.01873 -0.23447
   0.90384  0.01989 -0.23463
   0.89740  0.02106 -0.23480
   0.89094  0.02221 -0.23496
   0.88447  0.02335 -0.23511
   0.87798  0.02449 -0.23527
   0.87149  0.02562 -0.23543
   0.86499  0.02674 -0.23558
   0.85849  0.02784 -0.23574
   0.85198  0.02894 -0.23590
   0.84547  0.03003 -0.23605
   0.83895  0.03111 -0.23622
   0.83244  0.03218 -0.23638
   0.82591  0.03324 -0.23654
   0.81939  0.03429 -0.23671
   0.81287  0.03533 -0.23688
   0.80634  0.03635 -0.23705
   0.79981  0.03737 -0.23723
   0.79328  0.03838 -0.23742
   0.78674  0.03938 -0.23761
   0.78021  0.04037 -0.23780
   0.77367  0.04134 -0.23801
   0.76714  0.04231 -0.23822
   0.76060  0.04327 -0.23844
   0.75406  0.04422 -0.23866
   0.74752  0.04515 -0.23890
   0.74098  0.04608 -0.23915
   0.73443  0.04699 -0.23940
   0.72789  0.04790 -0.23967
   0.72135  0.04879 -0.23996
   0.71480  0.04968 -0.24026
   0.70826  0.05055 -0.24057
   0.70171  0.05141 -0.24090
   0.69517  0.05227 -0.24124
   0.68862  0.05311 -0.24161
   0.68207  0.05394 -0.24199
   0.67553  0.05476 -0.24240
   0.66898  0.05557 -0.24283
   0.66243  0.05637 -0.24329
   0.65589  0.05715 -0.24377
   0.64934  0.05793 -0.24428
   0.64280  0.05869 -0.24482
   0.63625  0.05945 -0.24540
   0.62971  0.06019 -0.24601
   0.62316  0.06092 -0.24666
   0.61662  0.06164 -0.24736
   0.61008  0.06235 -0.24810
   0.60353  0.06304 -0.24888
   0.59699  0.06372 -0.24972
   0.59045  0.06440 -0.25061
   0.58391  0.06505 -0.25157
   0.57738  0.06570 -0.25258
   0.57084  0.06634 -0.25367
   0.56431  0.06696 -0.25483
   0.55777  0.06757 -0.25606
   0.55124  0.06816 -0.25739
   0.54471  0.06875 -0.25880
   0.53818  0.06932 -0.26031
   0.53166  0.06987 -0.26193
   0.52514  0.07042 -0.26366
   0.51862  0.07095 -0.26551
   0.51210  0.07146 -0.26749
   0.50558  0.07197 -0.26961
   0.49907  0.07245 -0.27188
   0.49256  0.07293 -0.27432
   0.48605  0.07339 -0.27692
   0.47955  0.07383 -0.27971
   0.47305  0.07426 -0.28269
   0.46655  0.07468 -0.28588
   0.46006  0.07508 -0.28928
   0.45357  0.07546 -0.29290
   0.44709  0.07583 -0.29675
   0.44062  0.07619 -0.30085
   0.43415  0.07652 -0.30518
   0.42768  0.07684 -0.30974
   0.42123  0.07715 -0.31450
   0.41479  0.07743 -0.31947
   0.40836  0.07770 -0.32468
   0.40195  0.07796 -0.33015
   0.39556  0.07819 -0.33589
   0.38919  0.07840 -0.34190
   0.38283  0.07859 -0.34816
   0.37649  0.07875 -0.35466
   0.37015  0.07889 -0.36138
   0.36383  0.07900 -0.36828
   0.35752  0.07910 -0.37530
   0.35121  0.07916 -0.38251
   0.34492  0.07921 -0.38971
   0.33863  0.07922 -0.39702
   0.33235  0.07922 -0.40430
   0.32608  0.07918 -0.41161
   0.31982  0.07913 -0.41882
   0.31357  0.07904 -0.42599
   0.30732  0.07893 -0.43302
   0.30109  0.07879 -0.43995
   0.29487  0.07863 -0.44673
   0.28866  0.07844 -0.45333
   0.28245  0.07822 -0.45974
   0.27626  0.07797 -0.46613
   0.27009  0.07770 -0.47200
   0.26392  0.07740 -0.47799
   0.25777  0.07706 -0.48356
   0.25163  0.07670 -0.48894
   0.24550  0.07631 -0.49421
   0.23940  0.07589 -0.49910
   0.23330  0.07544 -0.50365
   0.22723  0.07495 -0.50829
   0.22117  0.07444 -0.51235
   0.21513  0.07389 -0.51629
   0.20911  0.07332 -0.51990
   0.20311  0.07271 -0.52333
   0.19714  0.07206 -0.52648
   0.19119  0.07139 -0.52913
   0.18526  0.07068 -0.53186
   0.17936  0.06993 -0.53388
   0.17350  0.06916 -0.53590
   0.16766  0.06834 -0.53733
   0.16186  0.06750 -0.53877
   0.15609  0.06662 -0.53964
   0.15037  0.06570 -0.53999
   0.14469  0.06475 -0.54034
   0.13906  0.06376 -0.54009
   0.13348  0.06274 -0.53939
   0.12796  0.06169 -0.53821
   0.12251  0.06060 -0.53683
   0.11712  0.05948 -0.53492
   0.11182  0.05833 -0.53242
   0.10660  0.05714 -0.52946
   0.10148  0.05594 -0.52603
   0.09647  0.05470 -0.52224
   0.09157  0.05345 -0.51767
   0.08680  0.05218 -0.51223
   0.08216  0.05089 -0.50651
   0.07767  0.04959 -0.50038
   0.07334  0.04829 -0.49325
   0.06917  0.04699 -0.48590
   0.06518  0.04569 -0.47782
   0.06135  0.04440 -0.46874
   0.05771  0.04311 -0.45924
   0.05424  0.04185 -0.44922
   0.05095  0.04060 -0.43893
   0.04783  0.03938 -0.42758
   0.04488  0.03817 -0.41521
   0.04209  0.03699 -0.40288
   0.03946  0.03584 -0.38990
   0.03697  0.03470 -0.37551
   0.03463  0.03360 -0.36053
   0.03242  0.03252 -0.34551
   0.03033  0.03146 -0.32972
   0.02836  0.03042 -0.31204
   0.02650  0.02941 -0.29481
   0.02474  0.02842 -0.27612
   0.02307  0.02745 -0.25697
   0.02150  0.02649 -0.23523
   0.02001  0.02555 -0.21424
   0.01860  0.02463 -0.19183
   0.01726  0.02373 -0.16755
   0.01600  0.02284 -0.14332
   0.01479  0.02196 -0.11690
   0.01366  0.02109 -0.08869
   0.01258  0.02023 -0.05929
   0.01155  0.01938 -0.02849
   0.01058  0.01854  0.00264
   0.00966  0.01771  0.03664
   0.00879  0.01689  0.07265
   0.00796  0.01607  0.10993
   0.00719  0.01526  0.14896
   0.00645  0.01445  0.19021
   0.00576  0.01365  0.23422
   0.00511  0.01285  0.27851
   0.00450  0.01205  0.32433
   0.00393  0.01126  0.37368
   0.00340  0.01047  0.42394
   0.00291  0.00968  0.47434
   0.00246  0.00889  0.52664
   0.00205  0.00811  0.57658
   0.00167  0.00733  0.62950
   0.00134  0.00655  0.68276
   0.00104  0.00577  0.73407
   0.00078  0.00500  0.78144
   0.00056  0.00423  0.82484
   0.00038  0.00347  0.86736
   0.00023  0.00271  0.90367
   0.00012  0.00196  0.93576
   0.00005  0.00122  0.96112
   0.00001  0.00050  0.98068
   0.00000 -0.00023  0.99272
   0.00003 -0.00095  0.99920
   0.00009 -0.00168  0.99829
   0.00019 -0.00242  0.99047
   0.00033 -0.00317  0.97559
   0.00051 -0.00392  0.95053
   0.00072 -0.00467  0.92247
   0.00098 -0.00542  0.88515
   0.00129 -0.00617  0.84263
   0.00163 -0.00691  0.79643
   0.00202 -0.00765  0.74679
   0.00245 -0.00839  0.69435
   0.00293 -0.00912  0.63780
   0.00344 -0.00985  0.58353
   0.00400 -0.01056  0.52971
   0.00460 -0.01127  0.47704
   0.00524 -0.01198  0.42493
   0.00593 -0.01267  0.37380
   0.00665 -0.01336  0.32769
   0.00742 -0.01404  0.28110
   0.00824 -0.01472  0.23874
   0.00910 -0.01539  0.19886
   0.01000 -0.01605  0.16072
   0.01095 -0.01671  0.12352
   0.01195 -0.01736  0.09209
   0.01299 -0.01801  0.06052
   0.01409 -0.01866  0.03052
   0.01525 -0.01930  0.00501
   0.01646 -0.01994 -0.02153
   0.01773 -0.02058 -0.04376
   0.01906 -0.02122 -0.06524
   0.02046 -0.02185 -0.08554
   0.02194 -0.02249 -0.10361
   0.02348 -0.02313 -0.12112
   0.02511 -0.02377 -0.13720
   0.02683 -0.02441 -0.15216
   0.02864 -0.02505 -0.16469
   0.03055 -0.02570 -0.17745
   0.03256 -0.02634 -0.18788
   0.03469 -0.02699 -0.19912
   0.03694 -0.02764 -0.20803
   0.03932 -0.02830 -0.21672
   0.04185 -0.02895 -0.22474
   0.04452 -0.02961 -0.23116
   0.04735 -0.03027 -0.23774
   0.05035 -0.03093 -0.24316
   0.05352 -0.03159 -0.24770
   0.05688 -0.03225 -0.25157
   0.06043 -0.03290 -0.25531
   0.06417 -0.03355 -0.25756
   0.06812 -0.03419 -0.25986
   0.07226 -0.03481 -0.26125
   0.07659 -0.03542 -0.26226
   0.08112 -0.03602 -0.26254
   0.08583 -0.03659 -0.26225
   0.09071 -0.03714 -0.26188
   0.09576 -0.03767 -0.26110
   0.10096 -0.03817 -0.25956
   0.10630 -0.03864 -0.25800
   0.11177 -0.03908 -0.25632
   0.11735 -0.03950 -0.25397
   0.12303 -0.03988 -0.25163
   0.12880 -0.04024 -0.24912
   0.13466 -0.04056 -0.24640
   0.14059 -0.04086 -0.24351
   0.14659 -0.04113 -0.24055
   0.15264 -0.04137 -0.23745
   0.15875 -0.04158 -0.23438
   0.16491 -0.04177 -0.23119
   0.17111 -0.04193 -0.22796
   0.17734 -0.04206 -0.22478
   0.18362 -0.04218 -0.22146
   0.18993 -0.04227 -0.21820
   0.19626 -0.04234 -0.21486
   0.20263 -0.04239 -0.21161
   0.20902 -0.04243 -0.20824
   0.21544 -0.04244 -0.20506
   0.22187 -0.04243 -0.20177
   0.22833 -0.04241 -0.19869
   0.23481 -0.04237 -0.19548
   0.24131 -0.04232 -0.19227
   0.24782 -0.04225 -0.18912
   0.25435 -0.04217 -0.18616
   0.26090 -0.04207 -0.18305
   0.26746 -0.04196 -0.18013
   0.27404 -0.04184 -0.17718
   0.28063 -0.04171 -0.17435
   0.28723 -0.04157 -0.17155
   0.29384 -0.04142 -0.16875
   0.30047 -0.04126 -0.16610
   0.30711 -0.04108 -0.16348
   0.31375 -0.04090 -0.16091
   0.32041 -0.04072 -0.15841
   0.32708 -0.04052 -0.15600
   0.33375 -0.04032 -0.15364
   0.34044 -0.04011 -0.15142
   0.34713 -0.03989 -0.14916
   0.35383 -0.03967 -0.14715
   0.36054 -0.03944 -0.14512
   0.36725 -0.03921 -0.14316
   0.37396 -0.03898 -0.14135
   0.38068 -0.03874 -0.13961
   0.38739 -0.03849 -0.13803
   0.39411 -0.03825 -0.13656
   0.40081 -0.03800 -0.13524
   0.40750 -0.03775 -0.13386
   0.41419 -0.03748 -0.13259
   0.42087 -0.03721 -0.13124
   0.42755 -0.03693 -0.12996
   0.43423 -0.03665 -0.12858
   0.44091 -0.03636 -0.12728
   0.44759 -0.03606 -0.12591
   0.45428 -0.03575 -0.12454
   0.46097 -0.03544 -0.12317
   0.46766 -0.03512 -0.12175
   0.47436 -0.03479 -0.12042
   0.48106 -0.03446 -0.11900
   0.48776 -0.03412 -0.11764
   0.49447 -0.03378 -0.11624
   0.50118 -0.03343 -0.11486
   0.50789 -0.03308 -0.11346
   0.51461 -0.03272 -0.11209
   0.52133 -0.03236 -0.11071
   0.52806 -0.03200 -0.10932
   0.53479 -0.03163 -0.10796
   0.54152 -0.03125 -0.10659
   0.54825 -0.03087 -0.10525
   0.55499 -0.03049 -0.10392
   0.56173 -0.03011 -0.10258
   0.56847 -0.02972 -0.10129
   0.57522 -0.02932 -0.09997
   0.58196 -0.02893 -0.09872
   0.58871 -0.02853 -0.09741
   0.59547 -0.02813 -0.09617
   0.60222 -0.02772 -0.09494
   0.60898 -0.02732 -0.09373
   0.61574 -0.02691 -0.09252
   0.62250 -0.02649 -0.09138
   0.62926 -0.02608 -0.09021
   0.63603 -0.02566 -0.08906
   0.64280 -0.02524 -0.08799
   0.64956 -0.02482 -0.08688
   0.65633 -0.02440 -0.08584
   0.66310 -0.02398 -0.08480
   0.66988 -0.02355 -0.08377
   0.67665 -0.02312 -0.08281
   0.68343 -0.02269 -0.08185
   0.69020 -0.02226 -0.08090
   0.69698 -0.02183 -0.07998
   0.70376 -0.02140 -0.07914
   0.71054 -0.02096 -0.07826
   0.71732 -0.02053 -0.07749
   0.72410 -0.02009 -0.07664
   0.73088 -0.01965 -0.07589
   0.73766 -0.01921 -0.07517
   0.74444 -0.01877 -0.07445
   0.75123 -0.01833 -0.07378
   0.75801 -0.01789 -0.07314
   0.76479 -0.01744 -0.07254
   0.77158 -0.01700 -0.07197
   0.77836 -0.01655 -0.07144
   0.78514 -0.01610 -0.07093
   0.79193 -0.01565 -0.07046
   0.79871 -0.01521 -0.07007
   0.80549 -0.01476 -0.06969
   0.81227 -0.01430 -0.06934
   0.81906 -0.01385 -0.06901
   0.82584 -0.01340 -0.06877
   0.83261 -0.01295 -0.06855
   0.83939 -0.01249 -0.06839
   0.84617 -0.01203 -0.06827
   0.85294 -0.01158 -0.06826
   0.85971 -0.01112 -0.06818
   0.86648 -0.01066 -0.06827
   0.87324 -0.01020 -0.06835
   0.87999 -0.00974 -0.06854
   0.88674 -0.00928 -0.06877
   0.89347 -0.00882 -0.06909
   0.90019 -0.00835 -0.06948
   0.90689 -0.00789 -0.07002
   0.91356 -0.00743 -0.07055
   0.92020 -0.00697 -0.07123
   0.92678 -0.00651 -0.07202
   0.93331 -0.00605 -0.07292
   0.93976 -0.00560 -0.07393
   0.94610 -0.00515 -0.07509
   0.95231 -0.00471 -0.07637
   0.95836 -0.00428 -0.07781
   0.96422 -0.00386 -0.07938
   0.96985 -0.00345 -0.08111
   0.97522 -0.00307 -0.08294
   0.98030 -0.00270 -0.08491
   0.98508 -0.00235 -0.08713
   0.98956 -0.00203 -0.08937
   0.99372 -0.00172 -0.09198
   0.99758 -0.00144 -0.09468
   1.00000 -0.00126 -0.09851
