#    s        x        y     Ue/Vinf    Dstar     Theta      Cf       H
   0.00000  1.00000  0.00126  1.04810  0.068107  0.007248 -0.000219     9.397
   0.00242  0.99763  0.00175  1.04986  0.067859  0.007110 -0.000223     9.544
   0.00628  0.99385  0.00253  1.05271  0.067414  0.006889 -0.000230     9.786
   0.01043  0.98978  0.00336  1.05586  0.066935  0.006648 -0.000238    10.068
   0.01488  0.98542  0.00425  1.05933  0.066420  0.006387 -0.000247    10.399
   0.01962  0.98078  0.00519  1.06315  0.065867  0.006104 -0.000249    10.790
   0.02464  0.97586  0.00618  1.06735  0.065277  0.005799 -0.000251    11.256
   0.02993  0.97067  0.00721  1.07196  0.064646  0.005472 -0.000253    11.815
   0.03545  0.96525  0.00828  1.07701  0.063985  0.005120 -0.000255    12.498
   0.04119  0.95962  0.00939  1.08255  0.063285  0.004743 -0.000258    13.342
   0.04711  0.95381  0.01052  1.08858  0.062546  0.004343 -0.000261    14.400
   0.05318  0.94785  0.01168  1.09522  0.061764  0.003916 -0.000264    15.774
   0.05938  0.94176  0.01284  1.10262  0.060928  0.003453 -0.000267    17.645
   0.06566  0.93559  0.01402  1.11074  0.060032  0.002961 -0.000533    20.272
   0.07203  0.92933  0.01520  1.11083  0.059513  0.002958 -0.000534    20.122
   0.07845  0.92302  0.01637  1.11091  0.058959  0.002954 -0.000535    19.959
   0.08492  0.91666  0.01755  1.11099  0.058373  0.002951 -0.000536    19.781
   0.09142  0.91027  0.01873  1.11107  0.057767  0.002948 -0.000536    19.596
   0.09795  0.90384  0.01989  1.11114  0.057141  0.002945 -0.000537    19.402
   0.10450  0.89740  0.02106  1.11121  0.056499  0.002942 -0.000538    19.202
   0.11106  0.89094  0.02221  1.11129  0.055844  0.002940 -0.000539    18.996
   0.11763  0.88447  0.02335  1.11136  0.055176  0.002937 -0.000539    18.785
   0.12421  0.87798  0.02449  1.11143  0.054499  0.002935 -0.000540    18.570
   0.13080  0.87149  0.02562  1.11150  0.053811  0.002932 -0.000541    18.350
   0.13740  0.86499  0.02674  1.11157  0.053116  0.002930 -0.000542    18.127
   0.14399  0.85849  0.02784  1.11164  0.052413  0.002928 -0.000542    17.901
   0.15059  0.85198  0.02894  1.11171  0.051705  0.002926 -0.000543    17.673
   0.15720  0.84547  0.03003  1.11178  0.050990  0.002923 -0.000544    17.441
   0.16380  0.83895  0.03111  1.11185  0.050275  0.002921 -0.000545    17.210
   0.17041  0.83244  0.03218  1.11192  0.049547  0.002919 -0.000546    16.974
   0.17701  0.82591  0.03324  1.11200  0.048823  0.002917 -0.000547    16.738
   0.18362  0.81939  0.03429  1.11207  0.048092  0.002915 -0.000547    16.500
   0.19023  0.81287  0.03533  1.11215  0.047358  0.002912 -0.000548    16.261
   0.19684  0.80634  0.03635  1.11223  0.046623  0.002910 -0.000549    16.021
   0.20344  0.79981  0.03737  1.11231  0.045885  0.002908 -0.000550    15.780
   0.21005  0.79328  0.03838  1.11239  0.045149  0.002905 -0.000551    15.539
   0.21666  0.78674  0.03938  1.11248  0.044408  0.002903 -0.000552    15.297
   0.22327  0.78021  0.04037  1.11257  0.043667  0.002901 -0.000553    15.055
   0.22988  0.77367  0.04134  1.11266  0.042926  0.002898 -0.000554    14.812
   0.23649  0.76714  0.04231  1.11275  0.042187  0.002895 -0.000556    14.570
   0.24309  0.76060  0.04327  1.11285  0.041446  0.002893 -0.000557    14.328
   0.24970  0.75406  0.04422  1.11295  0.040703  0.002890 -0.000558    14.084
   0.25631  0.74752  0.04515  1.11306  0.039964  0.002887 -0.000559    13.843
   0.26292  0.74098  0.04608  1.11317  0.039227  0.002884 -0.000561    13.602
   0.26952  0.73443  0.04699  1.11329  0.038488  0.002881 -0.000562    13.360
   0.27613  0.72789  0.04790  1.11341  0.037754  0.002878 -0.000564    13.120
   0.28273  0.72135  0.04879  1.11353  0.037020  0.002874 -0.000565    12.880
   0.28934  0.71480  0.04968  1.11367  0.036289  0.002871 -0.000567    12.642
   0.29594  0.70826  0.05055  1.11381  0.035558  0.002867 -0.000569    12.403
   0.30254  0.70171  0.05141  1.11395  0.034832  0.002863 -0.000571    12.166
   0.30914  0.69517  0.05227  1.11411  0.034109  0.002859 -0.000573    11.931
   0.31574  0.68862  0.05311  1.11427  0.033388  0.002855 -0.000575    11.696
   0.32234  0.68207  0.05394  1.11445  0.032671  0.002850 -0.000577    11.463
   0.32894  0.67553  0.05476  1.11463  0.031956  0.002845 -0.000579    11.231
   0.33554  0.66898  0.05557  1.11482  0.031246  0.002841 -0.000581    11.000
   0.34213  0.66243  0.05637  1.11503  0.030543  0.002835 -0.000584    10.772
   0.34872  0.65589  0.05715  1.11524  0.029840  0.002830 -0.000587    10.544
   0.35532  0.64934  0.05793  1.11547  0.029144  0.002824 -0.000590    10.319
   0.36191  0.64280  0.05869  1.11572  0.028452  0.002818 -0.000593    10.095
   0.36849  0.63625  0.05945  1.11598  0.027766  0.002812 -0.000596     9.874
   0.37508  0.62971  0.06019  1.11625  0.027083  0.002806 -0.000599     9.654
   0.38167  0.62316  0.06092  1.11654  0.026407  0.002799 -0.000603     9.436
   0.38825  0.61662  0.06164  1.11685  0.025739  0.002791 -0.000607     9.221
   0.39483  0.61008  0.06235  1.11718  0.025075  0.002784 -0.000611     9.007
   0.40141  0.60353  0.06304  1.11753  0.024416  0.002776 -0.000616     8.796
   0.40799  0.59699  0.06372  1.11791  0.023768  0.002768 -0.000620     8.588
   0.41456  0.59045  0.06440  1.11831  0.023123  0.002759 -0.000626     8.381
   0.42113  0.58391  0.06505  1.11873  0.022487  0.002750 -0.000631     8.178
   0.42770  0.57738  0.06570  1.11919  0.021859  0.002740 -0.000637     7.977
   0.43427  0.57084  0.06634  1.11967  0.021238  0.002730 -0.000643     7.779
   0.44083  0.56431  0.06696  1.12019  0.020624  0.002720 -0.000650     7.583
   0.44739  0.55777  0.06757  1.12074  0.020019  0.002709 -0.000658     7.391
   0.45395  0.55124  0.06816  1.12133  0.019423  0.002697 -0.000666     7.201
   0.46051  0.54471  0.06875  1.12196  0.018835  0.002685 -0.000674     7.014
   0.46706  0.53818  0.06932  1.12264  0.018260  0.002673 -0.000684     6.832
   0.47361  0.53166  0.06987  1.12335  0.017689  0.002660 -0.000694     6.651
   0.48015  0.52514  0.07042  1.12412  0.017131  0.002646 -0.000705     6.475
   0.48670  0.51862  0.07095  1.12495  0.016582  0.002631 -0.000716     6.302
   0.49324  0.51210  0.07146  1.12583  0.016043  0.002616 -0.000729     6.132
   0.49977  0.50558  0.07197  1.12677  0.015516  0.002601 -0.000742     5.966
   0.50630  0.49907  0.07245  1.12778  0.014998  0.002584 -0.000755     5.803
   0.51283  0.49256  0.07293  1.12886  0.014491  0.002567 -0.000767     5.644
   0.51935  0.48605  0.07339  1.13001  0.013996  0.002550 -0.000776     5.489
   0.52587  0.47955  0.07383  1.13124  0.013513  0.002531 -0.000782     5.339
   0.53239  0.47305  0.07426  1.13256  0.013041  0.002512 -0.000785     5.192
   0.53890  0.46655  0.07468  1.13396  0.012581  0.002492 -0.000784     5.049
   0.54540  0.46006  0.07508  1.13546  0.012134  0.002471 -0.000775     4.911
   0.55190  0.45357  0.07546  1.13706  0.011697  0.002449 -0.000757     4.776
   0.55839  0.44709  0.07583  1.13875  0.011274  0.002426 -0.000727     4.646
   0.56488  0.44062  0.07619  1.14055  0.010861  0.002403 -0.000683     4.520
   0.57135  0.43415  0.07652  1.14244  0.010461  0.002379 -0.000623     4.397
   0.57782  0.42768  0.07684  1.14444  0.010075  0.002354 -0.000546     4.279
   0.58428  0.42123  0.07715  1.14652  0.009701  0.002329 -0.000449     4.165
   0.59073  0.41479  0.07743  1.14868  0.009337  0.002303 -0.000329     4.053
   0.59716  0.40836  0.07770  1.15095  0.008988  0.002277 -0.000189     3.947
   0.60358  0.40195  0.07796  1.15332  0.008648  0.002250 -0.000023     3.844
   0.60998  0.39556  0.07819  1.15581  0.008322  0.002222  0.000166     3.746
   0.61635  0.38919  0.07840  1.15840  0.008013  0.002193  0.000373     3.654
   0.62271  0.38283  0.07859  1.16110  0.007720  0.002163  0.000599     3.569
   0.62906  0.37649  0.07875  1.16390  0.007443  0.002133  0.000840     3.490
   0.63539  0.37015  0.07889  1.16678  0.007181  0.002102  0.001096     3.416
   0.64172  0.36383  0.07900  1.16973  0.006934  0.002071  0.001364     3.348
   0.64803  0.35752  0.07910  1.17273  0.006704  0.002040  0.001636     3.287
   0.65433  0.35121  0.07916  1.17580  0.006480  0.002008  0.001930     3.228
   0.66063  0.34492  0.07921  1.17886  0.006276  0.001976  0.002216     3.176
   0.66692  0.33863  0.07922  1.18196  0.006078  0.001944  0.002517     3.126
   0.67320  0.33235  0.07922  1.18503  0.005895  0.001913  0.002817     3.082
   0.67947  0.32608  0.07918  1.18811  0.005718  0.001881  0.003129     3.039
   0.68573  0.31982  0.07913  1.19114  0.005553  0.001850  0.003435     3.001
   0.69198  0.31357  0.07904  1.19415  0.005395  0.001819  0.003748     2.966
   0.69823  0.30732  0.07893  1.19709  0.005247  0.001789  0.004057     2.934
   0.70446  0.30109  0.07879  1.19998  0.005106  0.001758  0.004369     2.903
   0.71069  0.29487  0.07863  1.20280  0.004971  0.001729  0.004681     2.876
   0.71690  0.28866  0.07844  1.20554  0.004843  0.001699  0.004990     2.850
   0.72311  0.28245  0.07822  1.20820  0.004722  0.001670  0.005297     2.827
   0.72930  0.27626  0.07797  1.21084  0.004601  0.001642  0.005627     2.803
   0.73549  0.27009  0.07770  1.21326  0.004494  0.001614  0.005912     2.785
   0.74166  0.26392  0.07740  1.21573  0.004382  0.001586  0.006243     2.764
   0.74782  0.25777  0.07706  1.21801  0.004280  0.001558  0.006546     2.747
   0.75397  0.25163  0.07670  1.22022  0.004181  0.001531  0.006852     2.731
   0.76011  0.24550  0.07631  1.22238  0.004082  0.001504  0.007180     2.714
   0.76623  0.23940  0.07589  1.22438  0.003989  0.001478  0.007489     2.700
   0.77234  0.23330  0.07544  1.22624  0.003901  0.001452  0.007782     2.688
   0.77843  0.22723  0.07495  1.22813  0.003809  0.001425  0.008128     2.673
   0.78451  0.22117  0.07444  1.22978  0.003726  0.001400  0.008430     2.662
   0.79058  0.21513  0.07389  1.23138  0.003642  0.001374  0.008753     2.651
   0.79662  0.20911  0.07332  1.23284  0.003561  0.001349  0.009071     2.640
   0.80265  0.20311  0.07271  1.23423  0.003481  0.001323  0.009406     2.630
   0.80866  0.19714  0.07206  1.23551  0.003402  0.001298  0.009748     2.620
   0.81465  0.19119  0.07139  1.23658  0.003328  0.001274  0.010059     2.613
   0.82062  0.18526  0.07068  1.23768  0.003249  0.001249  0.010438     2.602
   0.82656  0.17936  0.06993  1.23850  0.003178  0.001224  0.010758     2.596
   0.83248  0.17350  0.06916  1.23932  0.003103  0.001200  0.011135     2.587
   0.83838  0.16766  0.06834  1.23989  0.003033  0.001175  0.011473     2.581
   0.84424  0.16186  0.06750  1.24047  0.002960  0.001151  0.011879     2.572
   0.85007  0.15609  0.06662  1.24082  0.002889  0.001126  0.012263     2.566
   0.85587  0.15037  0.06570  1.24096  0.002823  0.001102  0.012624     2.561
   0.86163  0.14469  0.06475  1.24111  0.002751  0.001078  0.013063     2.553
   0.86734  0.13906  0.06376  1.24100  0.002683  0.001053  0.013482     2.547
   0.87301  0.13348  0.06274  1.24072  0.002616  0.001029  0.013907     2.542
   0.87863  0.12796  0.06169  1.24024  0.002551  0.001005  0.014327     2.537
   0.88419  0.12251  0.06060  1.23969  0.002483  0.000981  0.014806     2.531
   0.88969  0.11712  0.05948  1.23892  0.002417  0.000957  0.015297     2.526
   0.89512  0.11182  0.05833  1.23791  0.002352  0.000933  0.015784     2.521
   0.90047  0.10660  0.05714  1.23671  0.002287  0.000909  0.016293     2.517
   0.90573  0.10148  0.05594  1.23532  0.002223  0.000885  0.016827     2.512
   0.91089  0.09647  0.05470  1.23379  0.002157  0.000861  0.017437     2.506
   0.91595  0.09157  0.05345  1.23194  0.002093  0.000837  0.018041     2.501
   0.92089  0.08680  0.05218  1.22973  0.002033  0.000814  0.018593     2.498
   0.92570  0.08216  0.05089  1.22740  0.001972  0.000790  0.019217     2.494
   0.93037  0.07767  0.04959  1.22490  0.001909  0.000767  0.019922     2.489
   0.93489  0.07334  0.04829  1.22199  0.001851  0.000745  0.020559     2.486
   0.93926  0.06917  0.04699  1.21897  0.001791  0.000722  0.021316     2.480
   0.94347  0.06518  0.04569  1.21566  0.001732  0.000700  0.022106     2.475
   0.94750  0.06135  0.04440  1.21191  0.001678  0.000679  0.022822     2.472
   0.95137  0.05771  0.04311  1.20799  0.001624  0.000658  0.023590     2.469
   0.95506  0.05424  0.04185  1.20383  0.001571  0.000637  0.024385     2.465
   0.95858  0.05095  0.04060  1.19956  0.001517  0.000617  0.025345     2.458
   0.96193  0.04783  0.03938  1.19481  0.001466  0.000598  0.026257     2.453
   0.96512  0.04488  0.03817  1.18963  0.001420  0.000579  0.027037     2.452
   0.96814  0.04209  0.03699  1.18443  0.001371  0.000561  0.028029     2.446
   0.97102  0.03946  0.03584  1.17894  0.001323  0.000543  0.029136     2.439
   0.97375  0.03697  0.03470  1.17282  0.001281  0.000526  0.030048     2.436
   0.97634  0.03463  0.03360  1.16642  0.001240  0.000509  0.030926     2.434
   0.97880  0.03242  0.03252  1.15996  0.001197  0.000493  0.032047     2.428
   0.98114  0.03033  0.03146  1.15314  0.001155  0.000477  0.033313     2.420
   0.98337  0.02836  0.03042  1.14544  0.001120  0.000463  0.034116     2.420
   0.98549  0.02650  0.02941  1.13790  0.001080  0.000448  0.035404     2.412
   0.98751  0.02474  0.02842  1.12966  0.001044  0.000434  0.036529     2.408
   0.98944  0.02307  0.02745  1.12115  0.001005  0.000419  0.038034     2.397
   0.99128  0.02150  0.02649  1.11141  0.000976  0.000407  0.038737     2.400
   0.99304  0.02001  0.02555  1.10193  0.000942  0.000394  0.040114     2.392
   0.99472  0.01860  0.02463  1.09171  0.000908  0.000381  0.041509     2.385
   0.99634  0.01726  0.02373  1.08053  0.000880  0.000369  0.042442     2.384
   0.99789  0.01600  0.02284  1.06926  0.000847  0.000357  0.044062     2.374
   0.99937  0.01479  0.02196  1.05683  0.000817  0.000345  0.045476     2.367
   1.00081  0.01366  0.02109  1.04340  0.000790  0.000334  0.046657     2.362
   1.00219  0.01258  0.02023  1.02922  0.000763  0.000324  0.047854     2.358
   1.00351  0.01155  0.01938  1.01415  0.000738  0.000313  0.048761     2.357
   1.00480  0.01058  0.01854  0.99868  0.000709  0.000302  0.050529     2.346
   1.00604  0.00966  0.01771  0.98151  0.000684  0.000292  0.051870     2.339
   1.00724  0.00879  0.01689  0.96299  0.000661  0.000283  0.052864     2.335
   1.00840  0.00796  0.01607  0.94344  0.000637  0.000274  0.053999     2.329
   1.00952  0.00719  0.01526  0.92252  0.000614  0.000264  0.055226     2.321
   1.01061  0.00645  0.01445  0.89988  0.000590  0.000255  0.056581     2.311
   1.01167  0.00576  0.01365  0.87509  0.000572  0.000248  0.056724     2.311
   1.01271  0.00511  0.01285  0.84941  0.000552  0.000239  0.057251     2.308
   1.01371  0.00450  0.01205  0.82199  0.000529  0.000231  0.058630     2.292
   1.01469  0.00393  0.01126  0.79141  0.000512  0.000224  0.058678     2.287
   1.01564  0.00340  0.01047  0.75899  0.000497  0.000217  0.057891     2.288
   1.01657  0.00291  0.00968  0.72502  0.000477  0.000210  0.058495     2.272
   1.01747  0.00246  0.00889  0.68801  0.000467  0.000204  0.055925     2.286
   1.01836  0.00205  0.00811  0.65071  0.000446  0.000197  0.056237     2.269
   1.01922  0.00167  0.00733  0.60869  0.000431  0.000191  0.055204     2.255
   1.02007  0.00134  0.00655  0.56324  0.000421  0.000187  0.052469     2.252
   1.02090  0.00104  0.00577  0.51568  0.000410  0.000183  0.049741     2.241
   1.02172  0.00078  0.00500  0.46751  0.000408  0.000180  0.044192     2.270
   1.02252  0.00056  0.00423  0.41853  0.000385  0.000173  0.043511     2.227
   1.02330  0.00038  0.00347  0.36420  0.000387  0.000172  0.036857     2.253
   1.02407  0.00023  0.00271  0.31037  0.000373  0.000167  0.033392     2.226
   1.02483  0.00012  0.00196  0.25347  0.000374  0.000167  0.026853     2.241
   1.02557  0.00005  0.00122  0.19717  0.000365  0.000164  0.021597     2.229
   1.02630  0.00001  0.00050  0.13898  0.000372  0.000168  0.015233     2.208
   1.02702  0.00000 -0.00023  0.08531  0.000382  0.000170  0.008740     2.253
   1.02775  0.00003 -0.00095  0.02825  0.000334  0.000150  0.003387     2.230
   1.02848  0.00009 -0.00168 -0.04129  0.000334  0.000150  0.004941     2.230
   1.02923  0.00019 -0.00242 -0.09763  0.000394  0.000174  0.009600     2.265
   1.02999  0.00033 -0.00317 -0.15625  0.000359  0.000164  0.018061     2.186
   1.03076  0.00051 -0.00392 -0.22241  0.000354  0.000158  0.024896     2.239
   1.03154  0.00072 -0.00467 -0.27844  0.000382  0.000169  0.028148     2.267
   1.03233  0.00098 -0.00542 -0.33889  0.000367  0.000167  0.037840     2.203
   1.03314  0.00129 -0.00617 -0.39670  0.000386  0.000171  0.039837     2.263
   1.03396  0.00163 -0.00691 -0.45119  0.000390  0.000174  0.045872     2.238
   1.03480  0.00202 -0.00765 -0.50320  0.000405  0.000179  0.048469     2.257
   1.03565  0.00245 -0.00839 -0.55286  0.000414  0.000184  0.052317     2.252
   1.03652  0.00293 -0.00912 -0.60183  0.000422  0.000188  0.055918     2.251
   1.03741  0.00344 -0.00985 -0.64534  0.000443  0.000195  0.055738     2.277
   1.03832  0.00400 -0.01056 -0.68578  0.000458  0.000201  0.057435     2.275
   1.03925  0.00460 -0.01127 -0.72316  0.000477  0.000209  0.057675     2.285
   1.04020  0.00524 -0.01198 -0.75833  0.000493  0.000216  0.058347     2.286
   1.04118  0.00593 -0.01267 -0.79133  0.000511  0.000223  0.058470     2.291
   1.04218  0.00665 -0.01336 -0.81994  0.000538  0.000233  0.056446     2.312
   1.04321  0.00742 -0.01404 -0.84788  0.000554  0.000241  0.057108     2.304
   1.04427  0.00824 -0.01472 -0.87250  0.000581  0.000250  0.055097     2.322
   1.04535  0.00910 -0.01539 -0.89506  0.000606  0.000260  0.053908     2.329
   1.04647  0.01000 -0.01605 -0.91612  0.000630  0.000270  0.052869     2.333
   1.04763  0.01095 -0.01671 -0.93620  0.000652  0.000279  0.052085     2.334
   1.04882  0.01195 -0.01736 -0.95284  0.000687  0.000291  0.049197     2.358
   1.05006  0.01299 -0.01801 -0.96927  0.000711  0.000302  0.048494     2.355
   1.05133  0.01409 -0.01866 -0.98462  0.000738  0.000313  0.047258     2.359
   1.05265  0.01525 -0.01930 -0.99749  0.000774  0.000326  0.044782     2.378
   1.05402  0.01646 -0.01994 -1.01071  0.000799  0.000337  0.044187     2.373
   1.05544  0.01773 -0.02058 -1.02165  0.000837  0.000350  0.041895     2.391
   1.05692  0.01906 -0.02122 -1.03211  0.000870  0.000363  0.040545     2.395
   1.05846  0.02046 -0.02185 -1.04189  0.000903  0.000376  0.039228     2.400
   1.06007  0.02194 -0.02249 -1.05053  0.000942  0.000391  0.037550     2.411
   1.06174  0.02348 -0.02313 -1.05883  0.000977  0.000405  0.036341     2.415
   1.06349  0.02511 -0.02377 -1.06639  0.001015  0.000419  0.034968     2.422
   1.06532  0.02683 -0.02441 -1.07339  0.001055  0.000434  0.033659     2.428
   1.06724  0.02864 -0.02505 -1.07921  0.001101  0.000451  0.031960     2.442
   1.06926  0.03055 -0.02570 -1.08511  0.001141  0.000467  0.030946     2.444
   1.07137  0.03256 -0.02634 -1.08990  0.001190  0.000485  0.029410     2.456
   1.07360  0.03469 -0.02699 -1.09504  0.001231  0.000501  0.028605     2.455
   1.07594  0.03694 -0.02764 -1.09910  0.001283  0.000520  0.027198     2.468
   1.07841  0.03932 -0.02830 -1.10305  0.001332  0.000539  0.026154     2.473
   1.08102  0.04185 -0.02895 -1.10668  0.001383  0.000558  0.025140     2.478
   1.08377  0.04452 -0.02961 -1.10957  0.001441  0.000579  0.023910     2.489
   1.08668  0.04735 -0.03027 -1.11254  0.001494  0.000599  0.023051     2.492
   1.08975  0.05035 -0.03093 -1.11497  0.001553  0.000621  0.022034     2.500
   1.09299  0.05352 -0.03159 -1.11700  0.001615  0.000644  0.021031     2.508
   1.09641  0.05688 -0.03225 -1.11874  0.001679  0.000668  0.020100     2.515
   1.10002  0.06043 -0.03290 -1.12041  0.001742  0.000691  0.019334     2.519
   1.10382  0.06417 -0.03355 -1.12141  0.001814  0.000717  0.018357     2.530
   1.10781  0.06812 -0.03419 -1.12244  0.001882  0.000743  0.017628     2.534
   1.11200  0.07226 -0.03481 -1.12305  0.001956  0.000769  0.016825     2.542
   1.11638  0.07659 -0.03542 -1.12350  0.002030  0.000796  0.016111     2.548
   1.12094  0.08112 -0.03602 -1.12363  0.002108  0.000825  0.015382     2.556
   1.12569  0.08583 -0.03659 -1.12350  0.002188  0.000853  0.014684     2.564
   1.13061  0.09071 -0.03714 -1.12333  0.002265  0.000882  0.014107     2.569
   1.13568  0.09576 -0.03767 -1.12299  0.002345  0.000911  0.013540     2.574
   1.14090  0.10096 -0.03817 -1.12230  0.002431  0.000941  0.012923     2.583
   1.14626  0.10630 -0.03864 -1.12160  0.002513  0.000971  0.012416     2.589
   1.15175  0.11177 -0.03908 -1.12086  0.002594  0.001000  0.011962     2.593
   1.15734  0.11735 -0.03950 -1.11981  0.002681  0.001031  0.011445     2.602
   1.16304  0.12303 -0.03988 -1.11876  0.002766  0.001061  0.011017     2.607
   1.16882  0.12880 -0.04024 -1.11764  0.002850  0.001091  0.010612     2.613
   1.17469  0.13466 -0.04056 -1.11643  0.002935  0.001121  0.010222     2.619
   1.18063  0.14059 -0.04086 -1.11513  0.003021  0.001151  0.009847     2.625
   1.18663  0.14659 -0.04113 -1.11380  0.003106  0.001180  0.009504     2.631
   1.19269  0.15264 -0.04137 -1.11241  0.003191  0.001210  0.009173     2.637
   1.19880  0.15875 -0.04158 -1.11103  0.003275  0.001240  0.008879     2.642
   1.20496  0.16491 -0.04177 -1.10959  0.003359  0.001269  0.008588     2.647
   1.21116  0.17111 -0.04193 -1.10813  0.003443  0.001298  0.008316     2.652
   1.21740  0.17734 -0.04206 -1.10670  0.003525  0.001327  0.008069     2.657
   1.22368  0.18362 -0.04218 -1.10520  0.003609  0.001356  0.007818     2.662
   1.22999  0.18993 -0.04227 -1.10372  0.003691  0.001384  0.007592     2.667
   1.23632  0.19626 -0.04234 -1.10221  0.003775  0.001413  0.007366     2.672
   1.24269  0.20263 -0.04239 -1.10073  0.003856  0.001441  0.007166     2.676
   1.24908  0.20902 -0.04243 -1.09920  0.003939  0.001469  0.006957     2.682
   1.25550  0.21544 -0.04244 -1.09775  0.004017  0.001496  0.006786     2.685
   1.26193  0.22187 -0.04243 -1.09625  0.004099  0.001524  0.006603     2.690
   1.26839  0.22833 -0.04241 -1.09485  0.004175  0.001551  0.006455     2.692
   1.27487  0.23481 -0.04237 -1.09338  0.004255  0.001578  0.006290     2.697
   1.28137  0.24131 -0.04232 -1.09191  0.004335  0.001605  0.006131     2.702
   1.28788  0.24782 -0.04225 -1.09047  0.004414  0.001631  0.005984     2.706
   1.29441  0.25435 -0.04217 -1.08911  0.004487  0.001657  0.005866     2.707
   1.30096  0.26090 -0.04207 -1.08768  0.004566  0.001684  0.005725     2.712
   1.30752  0.26746 -0.04196 -1.08634  0.004639  0.001709  0.005614     2.714
   1.31410  0.27404 -0.04184 -1.08498  0.004714  0.001735  0.005496     2.717
   1.32069  0.28063 -0.04171 -1.08367  0.004786  0.001760  0.005393     2.719
   1.32730  0.28723 -0.04157 -1.08238  0.004857  0.001785  0.005293     2.721
   1.33391  0.29384 -0.04142 -1.08109  0.004930  0.001810  0.005190     2.724
   1.34054  0.30047 -0.04126 -1.07986  0.004999  0.001834  0.005107     2.725
   1.34718  0.30711 -0.04108 -1.07865  0.005068  0.001859  0.005023     2.727
   1.35383  0.31375 -0.04090 -1.07746  0.005136  0.001883  0.004942     2.728
   1.36049  0.32041 -0.04072 -1.07629  0.005202  0.001906  0.004867     2.729
   1.36716  0.32708 -0.04052 -1.07517  0.005267  0.001930  0.004800     2.729
   1.37384  0.33375 -0.04032 -1.07407  0.005331  0.001953  0.004735     2.730
   1.38053  0.34044 -0.04011 -1.07304  0.005391  0.001976  0.004684     2.729
   1.38722  0.34713 -0.03989 -1.07199  0.005454  0.001998  0.004621     2.729
   1.39393  0.35383 -0.03967 -1.07105  0.005509  0.002020  0.004585     2.727
   1.40064  0.36054 -0.03944 -1.07010  0.005566  0.002042  0.004540     2.726
   1.40735  0.36725 -0.03921 -1.06919  0.005622  0.002063  0.004498     2.725
   1.41407  0.37396 -0.03898 -1.06834  0.005674  0.002084  0.004468     2.722
   1.42079  0.38068 -0.03874 -1.06753  0.005725  0.002105  0.004439     2.719
   1.42751  0.38739 -0.03849 -1.06678  0.005771  0.002125  0.004422     2.716
   1.43423  0.39411 -0.03825 -1.06609  0.005815  0.002145  0.004409     2.711
   1.44094  0.40081 -0.03800 -1.06548  0.005855  0.002164  0.004406     2.706
   1.44763  0.40750 -0.03775 -1.06483  0.005899  0.002183  0.004388     2.703
   1.45432  0.41419 -0.03748 -1.06423  0.005942  0.002201  0.004374     2.699
   1.46101  0.42087 -0.03721 -1.06360  0.005989  0.002221  0.004348     2.697
   1.46769  0.42755 -0.03693 -1.06300  0.006035  0.002239  0.004324     2.695
   1.47438  0.43423 -0.03665 -1.06235  0.006086  0.002258  0.004286     2.695
   1.48107  0.44091 -0.03636 -1.06173  0.006134  0.002277  0.004254     2.694
   1.48776  0.44759 -0.03606 -1.06109  0.006187  0.002296  0.004214     2.694
   1.49445  0.45428 -0.03575 -1.06044  0.006239  0.002315  0.004172     2.695
   1.50115  0.46097 -0.03544 -1.05980  0.006293  0.002334  0.004129     2.696
   1.50785  0.46766 -0.03512 -1.05913  0.006349  0.002354  0.004082     2.697
   1.51455  0.47436 -0.03479 -1.05850  0.006401  0.002372  0.004043     2.698
   1.52126  0.48106 -0.03446 -1.05783  0.006457  0.002392  0.003996     2.700
   1.52797  0.48776 -0.03412 -1.05718  0.006511  0.002410  0.003954     2.701
   1.53469  0.49447 -0.03378 -1.05652  0.006567  0.002429  0.003908     2.703
   1.54141  0.50118 -0.03343 -1.05587  0.006622  0.002448  0.003864     2.705
   1.54813  0.50789 -0.03308 -1.05521  0.006678  0.002467  0.003820     2.707
   1.55486  0.51461 -0.03272 -1.05456  0.006733  0.002486  0.003778     2.709
   1.56159  0.52133 -0.03236 -1.05390  0.006789  0.002504  0.003736     2.711
   1.56833  0.52806 -0.03200 -1.05324  0.006845  0.002523  0.003693     2.713
   1.57506  0.53479 -0.03163 -1.05259  0.006900  0.002541  0.003653     2.715
   1.58181  0.54152 -0.03125 -1.05195  0.006955  0.002560  0.003613     2.717
   1.58855  0.54825 -0.03087 -1.05131  0.007009  0.002578  0.003576     2.719
   1.59530  0.55499 -0.03049 -1.05068  0.007062  0.002596  0.003540     2.720
   1.60205  0.56173 -0.03011 -1.05004  0.007117  0.002615  0.003502     2.722
   1.60880  0.56847 -0.02972 -1.04942  0.007169  0.002633  0.003470     2.723
   1.61556  0.57522 -0.02932 -1.04879  0.007223  0.002651  0.003434     2.725
   1.62232  0.58196 -0.02893 -1.04820  0.007273  0.002668  0.003405     2.726
   1.62908  0.58871 -0.02853 -1.04757  0.007327  0.002686  0.003370     2.728
   1.63585  0.59547 -0.02813 -1.04698  0.007377  0.002704  0.003341     2.728
   1.64261  0.60222 -0.02772 -1.04639  0.007427  0.002721  0.003313     2.729
   1.64938  0.60898 -0.02732 -1.04582  0.007476  0.002739  0.003287     2.730
   1.65615  0.61574 -0.02691 -1.04523  0.007527  0.002756  0.003259     2.731
   1.66293  0.62250 -0.02649 -1.04469  0.007572  0.002773  0.003238     2.731
   1.66970  0.62926 -0.02608 -1.04413  0.007621  0.002790  0.003214     2.731
   1.67648  0.63603 -0.02566 -1.04358  0.007668  0.002807  0.003190     2.732
   1.68326  0.64280 -0.02524 -1.04307  0.007712  0.002823  0.003173     2.731
   1.69004  0.64956 -0.02482 -1.04253  0.007759  0.002840  0.003150     2.732
   1.69683  0.65633 -0.02440 -1.04204  0.007801  0.002856  0.003135     2.731
   1.70361  0.66310 -0.02398 -1.04154  0.007844  0.002873  0.003117     2.731
   1.71040  0.66988 -0.02355 -1.04104  0.007887  0.002889  0.003100     2.730
   1.71718  0.67665 -0.02312 -1.04058  0.007927  0.002905  0.003088     2.729
   1.72397  0.68343 -0.02269 -1.04012  0.007968  0.002920  0.003074     2.728
   1.73076  0.69020 -0.02226 -1.03966  0.008008  0.002936  0.003060     2.728
   1.73755  0.69698 -0.02183 -1.03922  0.008047  0.002952  0.003048     2.726
   1.74435  0.70376 -0.02140 -1.03882  0.008082  0.002967  0.003042     2.724
   1.75114  0.71054 -0.02096 -1.03839  0.008120  0.002982  0.003030     2.723
   1.75793  0.71732 -0.02053 -1.03802  0.008153  0.002996  0.003027     2.721
   1.76473  0.72410 -0.02009 -1.03761  0.008191  0.003012  0.003015     2.720
   1.77152  0.73088 -0.01965 -1.03725  0.008223  0.003026  0.003011     2.718
   1.77832  0.73766 -0.01921 -1.03690  0.008255  0.003040  0.003007     2.715
   1.78512  0.74444 -0.01877 -1.03656  0.008287  0.003055  0.003003     2.713
   1.79191  0.75123 -0.01833 -1.03623  0.008318  0.003069  0.003000     2.710
   1.79871  0.75801 -0.01789 -1.03593  0.008346  0.003082  0.002999     2.708
   1.80551  0.76479 -0.01744 -1.03564  0.008374  0.003096  0.002999     2.705
   1.81231  0.77158 -0.01700 -1.03536  0.008401  0.003109  0.003000     2.702
   1.81911  0.77836 -0.01655 -1.03510  0.008426  0.003123  0.003003     2.698
   1.82590  0.78514 -0.01610 -1.03486  0.008451  0.003136  0.003005     2.695
   1.83270  0.79193 -0.01565 -1.03463  0.008474  0.003148  0.003009     2.691
   1.83950  0.79871 -0.01521 -1.03444  0.008493  0.003161  0.003018     2.687
   1.84630  0.80549 -0.01476 -1.03426  0.008514  0.003173  0.003025     2.683
   1.85309  0.81227 -0.01430 -1.03409  0.008533  0.003185  0.003032     2.679
   1.85989  0.81906 -0.01385 -1.03393  0.008553  0.003197  0.003039     2.675
   1.86669  0.82584 -0.01340 -1.03381  0.008567  0.003208  0.003052     2.670
   1.87348  0.83261 -0.01295 -1.03371  0.008582  0.003220  0.003064     2.666
   1.88027  0.83939 -0.01249 -1.03363  0.008594  0.003230  0.003078     2.660
   1.88706  0.84617 -0.01203 -1.03357  0.008606  0.003241  0.003092     2.655
   1.89385  0.85294 -0.01158 -1.03356  0.008612  0.003251  0.003113     2.649
   1.90064  0.85971 -0.01112 -1.03353  0.008624  0.003261  0.003127     2.644
   1.90742  0.86648 -0.01066 -1.03357  0.008627  0.003271  0.003150     2.638
   1.91420  0.87324 -0.01020 -1.03361  0.008633  0.003280  0.003170     2.632
   1.92097  0.87999 -0.00974 -1.03370  0.008633  0.003289  0.003196     2.625
   1.92773  0.88674 -0.00928 -1.03381  0.008633  0.003298  0.003222     2.618
   1.93448  0.89347 -0.00882 -1.03397  0.008630  0.003305  0.003251     2.611
   1.94121  0.90019 -0.00835 -1.03416  0.008624  0.003313  0.003282     2.603
   1.94793  0.90689 -0.00789 -1.03442  0.008612  0.003319  0.003321     2.594
   1.95461  0.91356 -0.00743 -1.03467  0.008602  0.003326  0.003356     2.586
   1.96127  0.92020 -0.00697 -1.03500  0.008587  0.003332  0.003398     2.577
   1.96787  0.92678 -0.00651 -1.03538  0.008567  0.003337  0.003443     2.568
   1.97441  0.93331 -0.00605 -1.03582  0.008545  0.003341  0.003493     2.558
   1.98087  0.93976 -0.00560 -1.03630  0.008519  0.003344  0.003546     2.547
   1.98723  0.94610 -0.00515 -1.03687  0.008487  0.003347  0.003605     2.536
   1.99346  0.95231 -0.00471 -1.03748  0.008452  0.003348  0.003669     2.524
   1.99952  0.95836 -0.00428 -1.03818  0.008411  0.003348  0.003739     2.512
   2.00540  0.96422 -0.00386 -1.03893  0.008367  0.003348  0.003812     2.499
   2.01104  0.96985 -0.00345 -1.03977  0.008317  0.003346  0.003894     2.486
   2.01642  0.97522 -0.00307 -1.04065  0.008265  0.003343  0.003978     2.472
   2.02152  0.98030 -0.00270 -1.04159  0.008209  0.003339  0.004067     2.459
   2.02632  0.98508 -0.00235 -1.04265  0.008143  0.003333  0.004170     2.443
   2.03080  0.98956 -0.00203 -1.04373  0.008078  0.003326  0.004271     2.429
   2.03498  0.99372 -0.00172 -1.04498  0.007999  0.003317  0.004394     2.412
   2.03885  0.99758 -0.00144 -1.04627  0.007920  0.003307  0.004519     2.395
   2.04127  1.00000 -0.00126 -1.04810  0.007785  0.003287  0.004725     2.369
   2.04127  1.00010 -0.00001  1.04810  0.078383  0.010535  0.000000     7.441
   2.04369  1.00252 -0.00016  1.04666  0.078057  0.010671  0.000000     7.315
   2.04640  1.00522 -0.00032  1.04503  0.077608  0.010826  0.000000     7.169
   2.04943  1.00824 -0.00049  1.04300  0.077085  0.011019  0.000000     6.996
   2.05281  1.01162 -0.00067  1.04068  0.076477  0.011240  0.000000     6.804
   2.05660  1.01540 -0.00087  1.03804  0.075775  0.011490  0.000000     6.595
   2.06083  1.01963 -0.00108  1.03505  0.074970  0.011775  0.000000     6.367
   2.06556  1.02435 -0.00131  1.03165  0.074049  0.012099  0.000000     6.120
   2.07085  1.02964 -0.00155  1.02776  0.072998  0.012469  0.000000     5.854
   2.07677  1.03555 -0.00181  1.02331  0.071799  0.012894  0.000000     5.569
   2.08338  1.04216 -0.00209  1.01819  0.070435  0.013382  0.000000     5.263
   2.09078  1.04955 -0.00239  1.01226  0.068887  0.013949  0.000000     4.939
   2.09905  1.05781 -0.00271  1.00533  0.067137  0.014613  0.000000     4.594
   2.10829  1.06705 -0.00305  0.99713  0.065168  0.015401  0.000000     4.231
   2.11863  1.07738 -0.00341  0.98737  0.062972  0.016344  0.000000     3.853
   2.13019  1.08893 -0.00379  0.97718  0.060480  0.017334  0.000000     3.489
   2.14311  1.10185 -0.00418  0.96759  0.057659  0.018269  0.000000     3.156
   2.15756  1.11630 -0.00460  0.95845  0.054547  0.019157  0.000000     2.847
   2.17372  1.13245 -0.00503  0.95026  0.051174  0.019947  0.000000     2.566
   2.19179  1.15051 -0.00548  0.94354  0.047604  0.020585  0.000000     2.313
   2.21199  1.17070 -0.00594  0.93879  0.043930  0.021026  0.000000     2.089
   2.23457  1.19328 -0.00641  0.93635  0.040269  0.021245  0.000000     1.895
   2.25982  1.21853 -0.00687  0.93636  0.036753  0.021245  0.000000     1.730
   2.28806  1.24676 -0.00733  0.93864  0.033501  0.021057  0.000000     1.591
   2.31963  1.27833 -0.00778  0.94274  0.030604  0.020735  0.000000     1.476
   2.35493  1.31363 -0.00821  0.94804  0.028105  0.020340  0.000000     1.382
   2.39440  1.35309 -0.00860  0.95390  0.026005  0.019925  0.000000     1.305
   2.43853  1.39722 -0.00894  0.95979  0.024272  0.019528  0.000000     1.243
   2.48787  1.44657 -0.00922  0.96535  0.022861  0.019168  0.000000     1.193
   2.54304  1.50174 -0.00941  0.97041  0.021719  0.018853  0.000000     1.152
   2.60473  1.56342 -0.00950  0.97491  0.020802  0.018581  0.000000     1.119
   2.67371  1.63240 -0.00945  0.97884  0.020067  0.018350  0.000000     1.094
   2.75083  1.70952 -0.00924  0.98224  0.019482  0.018155  0.000000     1.073
   2.83706  1.79575 -0.00883  0.98515  0.019018  0.017991  0.000000     1.057
   2.93347  1.89216 -0.00819  0.98761  0.018652  0.017855  0.000000     1.045
   3.04128  1.99996 -0.00727  0.99086  0.018295  0.017678  0.000000     1.035
